1782935094407 0.00032738095238095237 0
1782937915076 0.0006280089285714286 1
1782940196358 0.0008956369047619047 2
1782942256269 0.0008515 3
1782944540337 0.0008020000000000001 4
1782946753169 0.0007524999999999999 5
1782948898157 0.000703 6
1782957068903 0.0006535 7
1782958886563 0.000604 8
1782974206394 0.0005545 9
1782976762899 0.000505 10
1782978994767 0.00045549999999999996 11
1782981280613 0.00040600000000000006 12
1782983652668 0.0003565 13
1782986017242 0.00030700000000000004 14
1782988396958 0.0002575 15
1782991033237 0.00020799999999999996 16
1782993320192 0.00015850000000000003 17
1782995761177 0.00010899999999999998 18
1782997970787 5.950000000000005e-05 19
