1782935153564 0.28134 0
1782937972603 0.29207 1
1782940255415 0.26136 2
1782942313635 0.30926 3
1782944595722 0.34105 4
1782946808050 0.36609 5
1782948953904 0.36816 6
1782957125930 0.38433 7
1782958942610 0.39483 8
1782974270012 0.40141 9
1782976826711 0.42204 10
1782979051862 0.42876 11
1782981339608 0.43857 12
1782983706654 0.44065 13
1782986073305 0.44355 14
1782988455610 0.45642 15
1782991089006 0.44363 16
1782993372256 0.46539 17
1782995813077 0.45927 18
1782998030024 0.46685 19
1782998075473 0.4672967569407852 19
