1782935153564 0.60618 0
1782937972603 0.63232 1
1782940255415 0.58057 2
1782942313635 0.64505 3
1782944595722 0.70075 4
1782946808050 0.73303 5
1782948953904 0.74019 6
1782957125930 0.77408 7
1782958942610 0.77206 8
1782974270012 0.79502 9
1782976826711 0.81464 10
1782979051862 0.82005 11
1782981339608 0.82162 12
1782983706654 0.83173 13
1782986073305 0.82803 14
1782988455610 0.83993 15
1782991089006 0.82485 16
1782993372256 0.84342 17
1782995813077 0.82764 18
1782998030024 0.84129 19
1782998075473 0.8414360824288356 19
