1782935153564 0.6759 0
1782937972603 0.69294 1
1782940255415 0.65783 2
1782942313635 0.69802 3
1782944595722 0.78909 4
1782946808050 0.78701 5
1782948953904 0.80469 6
1782957125930 0.76711 7
1782958942610 0.74662 8
1782974270012 0.8345 9
1782976826711 0.84909 10
1782979051862 0.8477 11
1782981339608 0.83695 12
1782983706654 0.86525 13
1782986073305 0.85283 14
1782988455610 0.83784 15
1782991089006 0.82899 16
1782993372256 0.83674 17
1782995813077 0.83211 18
1782998030024 0.852 19
1782998075473 0.8528364552758484 19
