1782935153564 0.57116 0
1782937972603 0.58973 1
1782940255415 0.56106 2
1782942313635 0.57969 3
1782944595722 0.60961 4
1782946808050 0.60502 5
1782948953904 0.69983 6
1782957125930 0.70482 7
1782958942610 0.71114 8
1782974270012 0.72831 9
1782976826711 0.72449 10
1782979051862 0.72588 11
1782981339608 0.74641 12
1782983706654 0.73037 13
1782986073305 0.76805 14
1782988455610 0.78019 15
1782991089006 0.77349 16
1782993372256 0.78543 17
1782995813077 0.77417 18
1782998030024 0.78212 19
1782998075473 0.7821184494978183 19
