1782935094407 1.66901 0
1782937915076 1.61715 1
1782940196358 1.64643 2
1782942256269 1.65254 3
1782944540337 1.6134 4
1782946753169 1.5754 5
1782948898157 1.56513 6
1782957068903 1.54214 7
1782958886563 1.52539 8
1782974206394 1.49388 9
1782976762899 1.51054 10
1782978994767 1.49347 11
1782981280613 1.46867 12
1782983652668 1.44298 13
1782986017242 1.40387 14
1782988396958 1.39248 15
1782991033237 1.35957 16
1782993320192 1.3312 17
1782995761177 1.30934 18
1782997970787 1.28828 19
