1782935094407 1.76532 0
1782937915076 1.27707 1
1782940196358 1.25619 2
1782942256269 1.20364 3
1782944540337 1.17929 4
1782946753169 1.12733 5
1782948898157 1.08374 6
1782957068903 1.04341 7
1782958886563 1.01373 8
1782974206394 0.96372 9
1782976762899 0.90537 10
1782978994767 0.88184 11
1782981280613 0.82284 12
1782983652668 0.78459 13
1782986017242 0.74824 14
1782988396958 0.72118 15
1782991033237 0.696 16
1782993320192 0.67032 17
1782995761177 0.65257 18
1782997970787 0.62905 19
