1782935094407 1.66933 0
1782937915076 1.61405 1
1782940196358 1.64259 2
1782942256269 1.64029 3
1782944540337 1.63394 4
1782946753169 1.60831 5
1782948898157 1.5963 6
1782957068903 1.56507 7
1782958886563 1.55669 8
1782974206394 1.53542 9
1782976762899 1.63948 10
1782978994767 1.62116 11
1782981280613 1.57061 12
1782983652668 1.57461 13
1782986017242 1.55137 14
1782988396958 1.53638 15
1782991033237 1.51319 16
1782993320192 1.48575 17
1782995761177 1.47404 18
1782997970787 1.46487 19
