1782935153564 1.84685 0
1782937972603 1.81454 1
1782940255415 1.96319 2
1782942313635 1.82148 3
1782944595722 1.78515 4
1782946808050 1.74367 5
1782948953904 1.71589 6
1782957125930 1.67725 7
1782958942610 1.67482 8
1782974270012 1.65225 9
1782976826711 1.63567 10
1782979051862 1.61234 11
1782981339608 1.60306 12
1782983706654 1.62113 13
1782986073305 1.59717 14
1782988455610 1.57783 15
1782991089006 1.59875 16
1782993372256 1.55576 17
1782995813077 1.55996 18
1782998030024 1.54899 19
