1782935153564 2.65667 0
1782937972603 2.02006 1
1782940255415 2.05858 2
1782942313635 1.58221 3
1782944595722 1.26295 4
1782946808050 1.20589 5
1782948953904 1.18064 6
1782957125930 1.09214 7
1782958942610 1.02859 8
1782974270012 0.99897 9
1782976826711 0.9833 10
1782979051862 0.93833 11
1782981339608 0.91862 12
1782983706654 0.88881 13
1782986073305 0.86858 14
1782988455610 0.84786 15
1782991089006 0.84208 16
1782993372256 0.81316 17
1782995813077 0.82741 18
1782998030024 0.8041 19
