1782935153564 2.0005 0
1782937972603 1.99153 1
1782940255415 2.09626 2
1782942313635 1.98009 3
1782944595722 1.90247 4
1782946808050 1.85682 5
1782948953904 1.82847 6
1782957125930 1.79941 7
1782958942610 1.77069 8
1782974270012 1.78293 9
1782976826711 1.76066 10
1782979051862 1.73674 11
1782981339608 1.72616 12
1782983706654 1.75669 13
1782986073305 1.72092 14
1782988455610 1.70459 15
1782991089006 1.73522 16
1782993372256 1.68833 17
1782995813077 1.7065 18
1782998030024 1.6963 19
